  -43.7662  20.6533  183.35  48.3946  2.70068
  -48.2213  22.7262  193.826  53.3083  2.70118
  -81.1693  38.5212  271.828  89.8462  2.69849
  -108.87  52.385  338.024  120.817  2.69312
  -109.927  52.9298  340.499  122.006  2.69285
  -263.268  140.048  715.432  298.201  2.65271
  -264.036  140.531  717.357  299.105  2.65248
  -324.64  179.782  870.568  371.097  2.63584
  -325.029  180.016  871.532  371.55  2.6358
  -355.799  201.217  950.768  408.755  2.6269
  -356.193  201.441  951.732  409.209  2.6269
  -404.542  236.418  1078.27  468.56  2.61272
  -404.902  236.686  1079.23  469.005  2.61261
