  -11.4573  50.652  -73.3159  51.9317  1.79325
  52.2424  -302.771  -278.241  307.245  -1.39993
  -25.4914  121.125  -120.838  123.779  1.77822
  16.3789  -371.712  -93.3337  372.073  -1.52676
  291.538  336.022  1323.13  444.865  0.856164
  -60.9425  515.125  713.642  518.718  1.68856
  -291.989  -227.299  253.529  370.031  -2.48013
  -26.9595  86.1702  -69.6165  90.2891  1.87401
  7.01204  -50.0671  -55.7191  50.5557  -1.43165
  11.2767  -89.3045  -60.5182  90.0136  -1.44519
  243.802  447.129  355.875  509.277  1.0716
  65.8263  -369.07  -335.211  374.895  -1.3943
  14.0964  -90.579  -96.8587  91.6693  -1.41641
  -54.9711  445.969  -338.021  449.344  1.69344
  172.981  -409.87  114.053  444.877  -1.17144
  -345.934  -277.402  287.746  443.421  -2.4657
  85.6389  89.403  355.586  123.802  0.806899
  -53.3604  111.86  -42.1216  123.936  2.0159
  -180.824  407.657  -48.5348  445.962  1.98829
  -326.156  -330.36  -2491.77  464.237  -2.34979
  -48.615  301.396  -241.58  305.292  1.73072
  79.2304  361.012  384.56  369.604  1.35475
  79.7718  -433.527  -390.733  440.805  -1.38883
  249.32  281.079  1114.73  375.721  0.845204
  -54.1011  513.636  -383.15  516.477  1.67574
  -44.954  445.841  607.949  448.102  1.67129
  -98.4034  -68.6565  137.244  119.987  -2.53241
  -18.8118  86.0059  -97.0409  88.0392  1.78613
  76.6382  361.211  736.657  369.252  1.36173
  -54.9593  445.026  -337.391  448.407  1.69367
  -0.258033  47.9232  12.3288  47.9239  1.57618
  -204.336  468.424  -49.8447  511.052  1.98213
  128.172  492.155  537.425  508.571  1.31603
  -104.555  -62.5684  84.2139  121.847  -2.60233
  291.393  335.722  1322.17  444.544  0.855969
  -247.121  -368.977  1078.27  444.086  -2.16093
  -42.7669  435.422  592.124  437.517  1.6687
  -384.179  -207.026  349.733  436.41  -2.64733
  -81.7834  94.8188  -226.076  125.216  2.28252
  19.3314  -300.272  -85.0219  300.894  -1.50651
  -240.146  -181.797  221.477  301.198  -2.49361
  -60.7234  514.264  712.307  517.837  1.68833
  -45.8335  -77.7801  177.071  90.2798  -2.10329
  14.289  -124.271  -64.5175  125.09  -1.45632
  -284.697  402.749  -841.532  493.213  2.18613
  13.7489  -46.7345  -235.276  48.715  -1.28468
  -325.029  180.016  871.532  371.55  2.6358
  -394.947  -211.886  359.687  448.195  -2.64918
  -180.523  406.783  -48.5172  445.04  1.98847
  -247.303  -369.308  1079.23  444.463  -2.16085
  126.174  -270.337  102.721  298.332  -1.13412
  -38.864  81.225  -41.3218  90.044  2.01708
  -77.2657  -46.4807  57.7187  90.169  -2.60002
  -135.388  268.066  -354.825  300.315  2.03848
  7.7443  -50.0869  -62.5179  50.6821  -1.41739
  -217.638  469.409  -651.705  517.409  2.00494
  -197.451  -304.026  870.568  362.517  -2.14679
  34.3637  35.6024  129.478  49.4813  0.803102
  -40.8998  75.8303  -62.399  86.157  2.06543
  -84.5129  -100.35  -652.1  131.196  -2.27074
  -30.2189  369.275  492.017  370.509  1.65245
  126.508  -271.193  102.791  299.248  -1.13432
  -258.646  -146.545  232.267  297.276  -2.6261
  -136.701  341.32  -163.534  367.678  1.95174
  -207.557  464.118  -211.765  508.415  1.99133
  187.435  315.615  275.742  367.076  1.0349
  -165.265  336.739  -457.04  375.107  2.02704
  -2.81504  120.971  120.846  121.004  1.59406
  -42.6137  434.548  590.807  436.633  1.66855
  210.161  232.202  926.268  313.186  0.835182
  58.1833  -110.588  89.7128  124.96  -1.08647
  -62.6263  -105.37  259.845  122.576  -2.10705
  52.0588  -301.878  -277.473  306.334  -1.40003
  18.3966  122.828  115.813  124.198  1.42213
  -53.1598  374.343  -290.249  378.099  1.71186
  1.01331  -519.143  -110.647  519.144  -1.56884
  -174.133  409.037  -189.837  444.56  1.97327
  -151.707  335.376  -46.9714  368.093  1.9956
  -30.0254  368.411  490.697  369.632  1.65212
  95.0047  -500.108  -448.26  509.052  -1.38307
  57.0656  295.483  596.259  300.943  1.38002
  -19.6198  299.287  386.88  299.929  1.63626
  -479.378  -181.796  510.146  512.692  -2.77912
  -276.351  -99.1821  284.221  293.61  -2.79701
  158.521  257.647  239.453  302.508  1.01923
  -213.741  473.674  -215.646  519.665  1.99468
  -43.3392  80.3924  -69.6165  91.3303  2.06523
  136.642  519.67  1083.77  537.334  1.31368
  -43.7662  20.6533  183.35  48.3946  2.70068
  153.981  -340.143  -2137.47  373.373  -1.1457
  -42.6  -28.3736  105.215  51.1842  -2.55402
  -83.483  -27.8089  72.3814  87.9929  -2.82004
  -197.649  -304.348  871.532  362.895  -2.14676
  -284.421  402.241  -840.568  492.639  2.18627
  -360.792  -360.018  -2743.43  509.689  -2.35727
  187.018  314.829  275.246  366.187  1.03478
  98.1101  423.042  870.568  434.27  1.34291
  204.968  -429.513  -2743.43  475.914  -1.12555
  -323.929  -178.85  293.678  370.024  -2.63712
  1.13629  -518.206  -110.525  518.207  -1.5686
  57.3047  296.382  598.17  301.871  1.37981
  -355.799  201.217  950.768  408.755  2.6269
  244.112  447.958  356.384  510.154  1.07184
  158.103  256.857  238.952  301.616  1.01903
  -135.032  267.228  -353.589  299.406  2.03868
  -32.0178  -39.1631  -207.801  50.5854  -2.25615
  6.12227  50.1071  82.3432  50.4797  1.44922
  123.357  -284.477  -1764.63  310.071  -1.16164
  -263.268  140.048  715.432  298.201  2.65271
  -37.7957  116.659  -80.5145  122.629  1.88411
  17.8801  123.24  234.358  124.53  1.42672
  -396.146  -326.983  320.546  513.663  -2.45155
  249.1  280.845  1113.77  375.4  0.84523
  -24.2865  45.0715  -14.6534  51.1984  2.06503
  -48.5081  300.467  -240.95  304.357  1.73086
  -360.628  -359.933  -2742.47  509.513  -2.35716
  -109.927  52.9298  340.499  122.006  2.69285
  55.8516  -105.779  89.3129  119.619  -1.085
  -277.112  -287.624  -2132.93  399.397  -2.33758
  -204.661  469.265  -49.8606  511.953  1.98206
  -404.902  236.686  1079.23  469.005  2.61261
  -216.601  -329.602  951.732  394.403  -2.15219
  -305.966  445.308  -920.768  540.291  2.1728
  -224.25  295.572  -636.485  371.014  2.21984
  -216.378  -329.295  950.768  394.024  -2.15214
  -264.036  140.531  717.357  299.105  2.65248
  11.6585  86.7568  158.507  87.5366  1.43722
  -207.099  463.361  -211.464  507.537  1.99111
  -185.374  234.858  -516.375  299.202  2.23898
  94.7611  -499.256  -447.508  508.169  -1.38322
  -190.866  399.31  -549.306  442.581  2.01668
  -162.678  -256.171  720.291  303.46  -2.13658
  43.2652  -80.0567  87.3133  90.9997  -1.07533
  -306.222  445.841  -921.732  540.875  2.17264
  25.3435  -45.1445  84.8137  51.7718  -1.05925
  6.70033  50.8077  35.963  51.2476  1.43968
  123.287  -284.328  -1763.67  309.906  -1.16166
  12.0213  85.7516  74.7116  86.5901  1.43152
  186.824  -397.691  -2527.27  439.387  -1.13162
  -56.986  106.366  -109.631  120.669  2.06264
  -49.0702  -15.737  34.697  51.5319  -2.83125
  76.3614  360.345  734.794  368.347  1.36197
  127.829  491.302  536.322  507.659  1.31626
  -22.0452  46.2599  -40.5219  51.2442  2.01551
  -356.193  201.441  951.732  409.209  2.6269
  -108.87  52.385  338.024  120.817  2.69312
  -117.386  -39.8371  109.439  123.961  -2.81442
  78.9389  360.147  383.566  368.696  1.35502
  -126.329  274.818  -45.6495  302.463  2.00167
  60.9644  63.16  246.19  87.7829  0.803085
  49.6542  72.5626  119.037  87.9254  0.970689
  -480.207  -182.142  511.062  513.59  -2.77906
  -125.988  273.969  -45.6314  301.549  2.00182
  -326.282  -330.481  -2492.73  464.411  -2.3498
  -411.974  -153.482  434.785  439.636  -2.78497
  -164.892  335.893  -455.773  374.184  2.02714
  -75.9981  -90.7919  -582.1  118.401  -2.26773
  -298.811  -432.645  1286.67  525.804  -2.17523
  -108.358  284.721  -142.065  304.643  1.93445
  -48.2213  22.7262  193.826  53.3083  2.70118
  19.3483  -299.355  -84.9152  299.98  -1.50625
  -217.951  470.293  -653.067  518.342  2.00477
  -191.195  400.164  -550.553  443.494  2.01652
  -227.291  -243.078  -1764.63  332.788  -2.32264
  -65.976  -79.364  -497.1  103.206  -2.26434
  -13.8057  46.6222  -55.7191  48.6233  1.85869
  204.842  -429.399  -2742.47  475.756  -1.12568
  -254.402  -378.265  1108.27  455.856  -2.16286
  -456.086  -238.703  415.946  514.775  -2.65942
  10.2195  -446.023  -102.023  446.14  -1.54789
  -58.0116  66.3457  -164.464  88.1311  2.28928
  -259.43  -146.973  233.024  298.17  -2.62615
  186.83  -397.868  -2528.23  439.55  -1.13178
  30.3713  -88.9268  -497.1  93.9702  -1.24169
  -81.1693  38.5212  271.828  89.8462  2.69849
  -324.791  -179.205  294.449  370.949  -2.6374
  -292.667  -227.885  253.944  370.925  -2.48001
  -1.31446  86.4049  69.6165  86.4149  1.58601
  98.203  423.5  871.532  434.737  1.34294
  172.723  -408.964  113.98  443.943  -1.17118
  -19.7387  300.169  388.202  300.818  1.63646
  218.999  386.084  318.987  443.871  1.05482
  -137.092  342.119  -163.835  368.564  1.95192
  30.4017  43.9097  99.4404  53.4071  0.965211
  -324.64  179.782  870.568  371.097  2.63584
  -456.924  -239.073  416.717  515.689  -2.65954
  -54.0883  514.579  -383.641  517.414  1.67552
  148.839  -333.853  107.866  365.528  -1.15142
  -347.207  -127.133  362.715  369.75  -2.7906
  219.361  386.9  319.486  444.759  1.05502
  107.685  448.5  926.268  461.246  1.33516
  -162.137  -255.424  717.951  302.539  -2.13639
  67.2582  99.5983  137.033  120.181  0.976844
  -103.815  275.126  -138.474  294.061  1.93161
  -71.6005  -49.002  121.836  86.7631  -2.54143
  10.3345  -445.086  -101.914  445.206  -1.54758
  -173.696  408.262  -189.535  443.675  1.97305
  79.6058  -432.643  -389.98  439.906  -1.38883
  190.963  -474.623  118.889  511.599  -1.18827
  -152.051  336.204  -46.9891  368.988  1.99553
  305.433  354.596  1392.93  468.004  0.859747
  154.049  -340.292  -2138.43  373.537  -1.1457
  104.859  433.491  468.456  445.993  1.33346
  -396.771  -327.617  321.072  514.548  -2.45137
  190.752  -473.709  119.229  510.673  -1.18798
  -348.029  -127.485  363.64  370.644  -2.79047
  -185.892  235.606  -517.896  300.11  2.23879
  107.847  448.941  927.232  461.713  1.33504
  59.3594  296.488  310.839  302.371  1.3732
  65.6311  -368.193  -334.453  373.997  -1.3944
  -24.6409  -42.0956  70.4809  48.7771  -2.10038
  -276.984  -287.504  -2131.97  399.223  -2.33756
  149.153  -334.699  107.937  366.429  -1.15158
  210.31  232.503  927.232  313.509  0.835475
  -33.7219  38.3414  -102.764  51.061  2.29218
  104.535  432.615  467.434  445.065  1.33371
  136.847  520.107  1084.73  537.809  1.31351
  -239.492  -181.195  221.063  300.313  -2.49389
  36.0113  -102.431  -582.1  108.576  -1.23273
  -385.013  -207.383  350.494  437.313  -2.64751
  -277.156  -99.5496  285.134  294.492  -2.79676
  -213.224  472.954  -215.338  518.797  1.99434
  -345.3  -276.777  287.331  442.535  -2.4659
  59.103  295.588  309.816  301.439  1.37345
  -404.542  236.418  1078.27  468.56  2.61272
  -412.802  -153.812  435.703  440.526  -2.78492
  -42.3096  -25.3482  23.1  49.3217  -2.60183
  -224.722  296.383  -638.037  371.945  2.21953
  -53.146  373.39  -289.621  377.153  1.71218
  305.254  354.336  1391.97  467.69  0.859675
  18.9072  -119.99  -121.836  121.47  -1.41451
  -107.99  283.891  -141.76  303.737  1.93429
  40.89  -75.3492  86.9134  85.7292  -1.0736
  -227.15  -242.97  -1763.67  332.614  -2.32256
  16.3004  -372.642  -93.4417  372.998  -1.52708
  -299.07  -432.933  1287.63  526.188  -2.17532
